200 400
67  41
100  134
124  169
158  78
64  162
145  105
27  81
91  161
142  195
36  27
4  191
153  102
182  92
116  21
95  118
126  47
138  171
112  69
99  67
94  35
11  103
133  122
64  73
111  141
68  53
44  147
157  62
59  37
141  123
178  129
35  116
42  190
106  88
142  40
48  64
5  46
129  90
150  170
101  6
148  193
23  29
154  84
40  156
176  166
108  131
39  144
123  26
138  137
82  118
141  129
115  33
58  39
130  104
106  177
186  73
145  21
72  124
29  70
173  177
112  97
90  186
36  161
167  155
174  55
52  31
150  150
124  141
30  166
191  107
137  7
87  57
183  153
109  145
158  9
188  21
146  22
30  106
168  13
191  100
55  162
159  10
137  24
83  148
41  195
150  2
36  91
20  174
21  196
199  148
84  68
134  81
199  53
138  18
188  100
67  127
93  128
83  48
21  7
17  110
114  13
16  109
51  135
49  0
156  119
103  198
8  24
9  44
102  189
85  195
143  93
187  123
103  114
0  48
18  58
196  180
81  198
198  189
157  9
22  72
92  138
179  38
57  190
191  158
88  15
111  156
34  2
55  72
46  128
86  162
33  75
142  69
16  44
198  81
51  122
99  21
76  157
189  92
112  75
110  0
69  3
88  61
189  1
23  55
185  2
85  182
26  88
157  17
132  32
154  169
189  121
129  176
92  168
155  25
149  34
112  41
60  145
153  118
23  139
196  79
129  87
37  149
149  66
195  193
16  97
105  86
82  88
134  55
101  114
71  116
63  186
155  113
53  185
8  112
145  32
156  113
158  121
182  46
144  81
22  196
161  129
50  135
66  173
59  44
39  92
24  53
110  154
49  145
113  186
22  74
18  168
105  187
191  158
25  2
14  77
24  114
74  134
159  172
70  33
97  87
177  118
70  173
68  163
185  192
80  102
27  13
99  2
25  127
124  143
172  23
181  61
32  3
193  105
31  125
142  92
86  22
100  64
160  187
174  13
170  70
33  35
160  111
67  96
150  85
94  140
24  95
125  19
94  176
102  58
66  171
193  78
84  51
64  18
152  119
87  0
126  60
157  10
115  170
27  176
158  43
109  164
86  82
87  165
74  177
27  25
128  29
120  23
162  102
196  123
61  137
125  195
60  64
116  2
126  30
171  11
147  11
120  153
124  190
163  188
51  140
29  62
113  100
178  158
7  165
0  77
39  58
160  103
124  157
108  77
87  113
50  1
28  60
184  193
140  5
104  111
156  35
150  72
85  23
16  156
157  26
157  126
71  137
161  69
22  96
112  17
96  117
41  185
129  23
165  29
132  159
55  96
162  53
134  184
172  54
169  57
163  132
83  7
35  111
48  67
138  75
142  23
111  154
175  141
25  59
70  21
134  26
183  5
198  50
101  79
134  193
134  37
193  156
105  176
148  162
100  81
41  13
55  55
62  142
77  11
78  24
43  152
73  96
113  40
72  75
10  18
132  17
95  112
31  169
88  40
90  85
189  97
145  190
114  153
140  51
58  44
159  135
5  192
181  64
29  103
8  175
197  92
156  149
27  161
141  67
40  129
174  13
77  1
83  15
192  13
1  24
159  192
28  70
84  27
186  75
170  98
47  87
103  4
63  21
163  106
171  10
40  89
142  164
113  19
104  191
32  18
5  150
139  175
22  103
47  98
48  184
64  171
75  113
112  145
78  146
62  169
185  119
144  89
140  65
108  45
70  118
123  1
72  132
87  152
163  170
103  101
127  23
169  0
165  15
143  28
88  147
37  143
63  9
81  49
142  188
60  8
158  21
88  154
90  146
43  149
20  30
67  148
